0 0.182240 0.723048 0.165215 0.181828
0 0.919415 0.136659 0.157609 0.077691
0 0.544989 0.077084 0.056761 0.078382
0 0.850779 0.238566 0.077377 0.116201
0 0.620542 0.116777 0.049363 0.069228
0 0.969336 0.157728 0.059844 0.065176
0 0.591433 0.090269 0.040710 0.055276
0 0.779183 0.244082 0.070656 0.109294
0 0.839759 0.352069 0.106361 0.117387
0 0.696017 0.249475 0.064868 0.025210
0 0.125412 0.076538 0.129132 0.153039
0 0.689731 0.227947 0.061485 0.019520
0 0.701214 0.271465 0.061171 0.021644
0 0.732774 0.354704 0.073283 0.036553
0 0.711637 0.297179 0.070429 0.030611
0 0.679164 0.208691 0.065864 0.023037
0 0.508189 0.074553 0.027169 0.084729
0 0.472616 0.072303 0.058727 0.086298
0 0.839510 0.351853 0.104909 0.116576
0 0.718803 0.325223 0.065808 0.028670
0 0.066080 0.390796 0.132159 0.282958