0 0.684256 0.875484 0.211647 0.141038
0 0.825578 0.896533 0.086557 0.102101
0 0.656884 0.716094 0.048657 0.099361
0 0.626799 0.705691 0.058360 0.099380
0 0.155691 0.646160 0.050394 0.102371
0 0.425421 0.655943 0.183396 0.057585
0 0.694004 0.723543 0.050615 0.100834
0 0.756331 0.751926 0.062708 0.104762
0 0.726706 0.722299 0.035972 0.104060
0 0.599079 0.447424 0.046280 0.093964
0 0.794566 0.668189 0.038233 0.101198
0 0.899715 0.894658 0.092634 0.106715
0 0.558814 0.682121 0.039307 0.086089
0 0.347484 0.611886 0.032230 0.048593
0 0.976714 0.915577 0.042173 0.065057
0 0.483270 0.311304 0.046636 0.083793
0 0.527534 0.124668 0.060330 0.088681
0 0.459151 0.613596 0.034430 0.037854