0 0.578146 0.755540 0.045182 0.114733
0 0.526513 0.774387 0.066450 0.121779
0 0.567920 0.861897 0.038873 0.092012
0 0.348784 0.896522 0.051233 0.070566
0 0.456196 0.585225 0.042053 0.031615
0 0.395471 0.491198 0.036090 0.032299
0 0.517385 0.867889 0.033670 0.074037
0 0.607134 0.868047 0.039607 0.073989
0 0.367025 0.803411 0.049080 0.073225
0 0.544609 0.859064 0.030406 0.079059
0 0.369350 0.441056 0.043876 0.029137
0 0.495613 0.772337 0.048639 0.094592
0 0.416143 0.521418 0.035505 0.027170
0 0.448999 0.872130 0.032792 0.067877
0 0.929801 0.884741 0.066312 0.091283
0 0.500860 0.306654 0.153099 0.079661
0 0.380687 0.467333 0.035536 0.024366