0 0.467152 0.600161 0.048823 0.059368
0 0.448506 0.505313 0.045258 0.047865
0 0.524263 0.700631 0.047085 0.065573
0 0.674593 0.650295 0.044720 0.053584
0 0.197492 0.511203 0.037257 0.033106
0 0.455350 0.549315 0.044367 0.043107
0 0.644351 0.601785 0.042419 0.036063
0 0.440457 0.460947 0.038011 0.032937
0 0.432257 0.424741 0.041097 0.041739
0 0.578443 0.423582 0.045056 0.039050
0 0.416671 0.357803 0.043623 0.037650
0 0.553595 0.361063 0.045422 0.034688
0 0.585489 0.456673 0.040405 0.032879
0 0.532371 0.307714 0.044459 0.031345
0 0.425128 0.389360 0.035374 0.030706
0 0.330366 0.822175 0.059167 0.075962
0 0.562182 0.391170 0.036082 0.029685
0 0.603467 0.496590 0.046054 0.044931
0 0.321876 0.755977 0.049950 0.053085
0 0.542049 0.332674 0.034152 0.023675
0 0.812511 0.502888 0.044238 0.031506