0 0.6157571428571428 0.6713487133984029 0.02329285714285707 0.046220053238686706
0 0.6352714285714286 0.6754835847382431 0.029642857142857144 0.04847382431233373
0 0.6566 0.6809316770186336 0.028135714285714358 0.04960070984915713
0 0.6810999999999999 0.6875066548358474 0.022685714285714278 0.058997338065661056
0 0.7068142857142857 0.6918278615794144 0.026321428571428506 0.06012422360248446
0 0.7326785714285714 0.6976486246672582 0.028435714285714248 0.06275953859804793
0 0.6047214285714286 0.7205767524401065 0.02057142857142854 0.046974267968056836
0 0.6262 0.7256521739130434 0.023592857142857124 0.05336291038154401
0 0.6496428571428572 0.7314729370008873 0.02147857142857138 0.0522360248447204
0 0.67475 0.7386157941437445 0.02329285714285707 0.051481810115350475
0 0.69895 0.746131322094055 0.02329285714285707 0.05299023957409053
0 0.7239071428571429 0.7528926353149955 0.02662142857142856 0.05373558118899729
0 0.6069857142857142 0.8280479148181011 0.030549999999999987 0.05299023957409053
0 0.6304285714285714 0.8348181011535049 0.03267142857142858 0.050727595385980546
0 0.6553857142857142 0.8434605146406389 0.03297142857142863 0.05598935226264411
0 0.6847357142857143 0.8528571428571429 0.03357857142857142 0.05448979591836742
0 0.7087785714285714 0.8579236912156166 0.03206428571428579 0.0593788819875777