0 0.38826428571428573 0.3168944099378882 0.03775714285714279 0.11154392191659275
0 0.43265000000000003 0.3130967169476486 0.05306428571428569 0.10901508429458741
0 0.4816357142857143 0.3130967169476486 0.048978571428571385 0.11661934338952978
0 0.5341857142857143 0.3149955634427684 0.06428571428571428 0.11535048802129548
0 0.5877571428571429 0.3124578527062999 0.0612214285714286 0.11028393966282161
0 0.6418357142857143 0.3073913043478261 0.05714285714285714 0.11281277728482696
0 0.6841857142857143 0.3035847382431233 0.03979285714285717 0.11028393966282161
0 0.6790785714285714 0.4341526175687667 0.03571428571428571 0.11028393966282167
0 0.6392857142857142 0.43224489795918364 0.05204285714285707 0.0937976929902396
0 0.5841857142857143 0.43161490683229814 0.043878571428571475 0.08746228926353154
0 0.5301 0.4297160603371783 0.056121428571428524 0.09379769299023956
0 0.39795714285714284 0.5456965394853593 0.034692857142857095 0.10014196983141074
0 0.38826428571428573 0.43415261756876666 0.027549999999999953 0.10520851818988469
0 0.5336714285714286 0.5330168589174801 0.05102142857142862 0.09760425909494233
0 0.6780642857142857 0.5336557231588287 0.05204285714285707 0.08873114463176575
0 0.6770428571428572 0.633158828748891 0.029592857142857188 0.1052085181898846
0 0.6418357142857143 0.6350576752440107 0.03673571428571433 0.10393966282165049
0 0.5877571428571429 0.6350576752440107 0.04693571428571431 0.09126885536823416
0 0.5397928571428572 0.6375953859804792 0.05918571428571422 0.0937976929902396
0 0.4887785714285714 0.6344276841171251 0.04693571428571431 0.08492457852706303
0 0.43724285714285716 0.6344276841171251 0.05204285714285707 0.11028393966282161
0 0.3994928571428571 0.6401330967169476 0.03163571428571426 0.10901508429458731