0 0.82245 0.6054214729370009 0.009600000000000039 0.021322094055013285
0 0.8298642857142857 0.6088553682342501 0.010471428571428467 0.02023070097604255
0 0.8349571428571428 0.6124667258207631 0.012507142857143013 0.018793256433008044
0 0.8388857142857143 0.6148092280390417 0.013964285714285844 0.01987577639751561
0 0.8462999999999999 0.6193256433007986 0.016000000000000066 0.020958296362022972
0 0.8106714285714286 0.6281810115350488 0.012800000000000053 0.016983141082520053
0 0.8000499999999999 0.6518544809228038 0.01424999999999987 0.017346938775510162
0 0.8082 0.6561845607808341 0.014835714285714273 0.020958296362022972
0 0.8214357142857143 0.6684738243123336 0.01221428571428565 0.018793256433008044
0 0.7898714285714286 0.6731677018633541 0.012507142857143013 0.018793256433008044
0 0.7956928571428572 0.6764241348713399 0.01424999999999987 0.01661934338952974
0 0.7988928571428572 0.6805767524401065 0.016000000000000066 0.016983141082520053
0 0.8041285714285714 0.6863620230700975 0.01017857142857143 0.01987577639751561
0 0.8119785714285714 0.6917746228926354 0.01309285714285709 0.019148181011534985
0 0.8339428571428571 0.6869032830523514 0.0157071428571427 0.026015971606033663
0 0.8399 0.6894321206743567 0.015414285714285662 0.022404614019520853
0 0.8428142857142857 0.6946672582076309 0.01309285714285709 0.024205856255545673
0 0.8486285714285714 0.6999112688553681 0.016000000000000066 0.026015971606033663
0 0.8529928571428572 0.7056876663708961 0.01424999999999987 0.024569653948535986
0 0.8576428571428572 0.7100266193433896 0.01424999999999987 0.02385093167701873
0 0.8615714285714287 0.7134605146406389 0.014542857142857234 0.02782608695652165
0 0.8479 0.6654037267080745 0.011049999999999857 0.022768411712511163
0 0.8518285714285714 0.6706388642413487 0.011928571428571299 0.022404614019520853
0 0.8873142857142857 0.6697338065661047 0.018328571428571326 0.028544809228039106
0 0.8803357142857143 0.6650399290150842 0.016000000000000066 0.03288376220053234
0 0.8985142857142858 0.6448003549245785 0.014542857142857234 0.028544809228039106
0 0.8913857142857143 0.6426353149955635 0.01367142857142848 0.029272404614019528
0 0.8864428571428571 0.637941437444543 0.012507142857143013 0.024205856255545673
0 0.8809142857142856 0.6307098491570541 0.01424999999999987 0.024933451641526095
0 0.8745142857142857 0.6258296362023069 0.01017857142857143 0.024569653948535986
0 0.8676785714285714 0.6209582963620232 0.010471428571428467 0.03215616681455192