0 0.9147619047619048 0.7850372376438727 0.1657142857142857 0.3161814488828707
0 0.4632857142857143 0.43044685172647257 0.010180952380952433 0.01144211238997975
0 0.4720285714285714 0.4304942450914015 0.010323809523809555 0.010561949898442727
0 0.4813142857142857 0.4302979011509817 0.010733333333333315 0.010954637779282373
0 0.48922857142857146 0.431719702098849 0.008666666666666635 0.01144211238997975
0 0.4970666666666666 0.4321597833446174 0.010866666666666745 0.011347325660121862
0 0.5062857142857143 0.4319092755585646 0.010047619047619005 0.01183480027081924
0 0.5144 0.43274204468517263 0.010047619047619005 0.010758293838862627
0 0.5232095238095238 0.4329857819905213 0.00866666666666658 0.01066350710900474
0 0.534352380952381 0.43337846987136086 0.012247619047618952 0.01066350710900474
0 0.550657142857143 0.4346039268788084 0.011561904761904856 0.012132701421800998
0 0.5609809523809524 0.4352877454299255 0.011828571428571497 0.012132701421800998
0 0.5701333333333333 0.4358767772511848 0.011419047619047627 0.012132701421800998
0 0.46183809523809527 0.4433581584292485 0.006466666666666632 0.011245768449559851
0 0.46885714285714286 0.4434529451591063 0.00839047619047614 0.01144211238997975
0 0.4758761904761905 0.44340555179417734 0.007295238095238065 0.011543669600541607
0 0.4837238095238095 0.44482735274204466 0.011419047619047573 0.010859851049424484
0 0.492047619047619 0.4453148273527421 0.010180952380952433 0.01222748815165873
0 0.5031904761904762 0.4453148273527421 0.011828571428571497 0.01066350710900474
0 0.5280285714285714 0.44663507109004735 0.010590476190476086 0.011740013540961353
0 0.538 0.4466824644549763 0.009352380952380892 0.01144211238997975
0 0.5470857142857143 0.44756262694651316 0.009628571428571334 0.011638456330399496
0 0.5567142857142857 0.447758970886933 0.011561904761904856 0.011245768449559851
0 0.5668285714285713 0.4479079214624238 0.00839047619047614 0.010954637779282373
0 0.5120666666666667 0.45670954637779276 0.006466666666666632 0.0084089370345295
0 0.5214190476190477 0.45710223425863233 0.006466666666666632 0.007041299932295255
0 0.5306380952380952 0.4575423155044008 0.00921904761904768 0.0067501692620176214
0 0.5399238095238095 0.45817874069058906 0.008533333333333368 0.006459038591739989
0 0.48656190476190475 0.46297224102911305 0.01058095238095234 0.010182802979011486
0 0.4954380952380953 0.4636357481381178 0.01276190476190485 0.010182802979011486