0 0.35791428571428574 0.3461340555179418 0.02409523809523805 0.03743398781313471
0 0.38335238095238094 0.34930264048747456 0.027666666666666624 0.03362897765741369
0 0.4105809523809524 0.3485104942450914 0.03391428571428573 0.03584969532836835
0 0.43356190476190476 0.3519972918077183 0.03258095238095242 0.03077183480027085
0 0.4601142857142857 0.3529519295870006 0.027666666666666624 0.03077183480027085
0 0.48733333333333334 0.35215978334461745 0.03391428571428573 0.03236289776574134
0 0.5181333333333333 0.3526337169939066 0.030342857142857046 0.03077183480027085
0 0.5435714285714286 0.3529519295870006 0.02856190476190477 0.03140825998645907
0 0.5712380952380952 0.3535883547731889 0.029457142857142918 0.03394719025050782
0 0.6270190476190476 0.3537440758293839 0.03480952380952377 0.03299255247122547
0 0.6567047619047619 0.35438050101557206 0.029904761904761993 0.03362897765741369
0 0.6915142857142857 0.35517264725795533 0.028114285714285696 0.03394719025050782
0 0.3521142857142857 0.3867433987813135 0.031238095238095193 0.02982396750169259
0 0.38157142857142856 0.38658090724441435 0.031238095238095193 0.026966824644549713
0 0.4038857142857143 0.3899119837508463 0.027666666666666624 0.026012186865267482
0 0.4317714285714286 0.3881651997291808 0.027219047619047657 0.030142180094786718
0 0.4563238095238095 0.38943805010155724 0.028114285714285696 0.02886932972241036
0 0.4830952380952381 0.38880162491536896 0.030790476190476174 0.029505754908598462
0 0.5652095238095238 0.3932430602572783 0.03436190476190469 0.03140825998645911
0 0.5975714285714286 0.3929248476641842 0.027666666666666624 0.02886932972241036
0 0.6270190476190476 0.3943534190927556 0.03391428571428562 0.030453622207176723
0 0.660047619047619 0.3951455653351388 0.03570476190476191 0.03077183480027085
0 0.6886095238095238 0.3949898442789438 0.027666666666666624 0.03172647257955308
0 0.3458666666666667 0.41735951252538933 0.027666666666666624 0.01744752877454298
0 0.36907619047619045 0.41830737982396754 0.02141904761904763 0.016181448882870746
0 0.39317142857142856 0.41846987136086666 0.026780952380952384 0.018402166553825365
0 0.41437142857142856 0.4187813134732566 0.027219047619047657 0.01776574136763711
0 0.5225904761904763 0.42830060934326336 0.029457142857142918 0.02982396750169259
0 0.5522666666666667 0.42306702775897087 0.02633333333333342 0.018720379146919493
0 0.5808285714285715 0.4246513202437373 0.03258095238095242 0.018720379146919493
0 0.6091714285714286 0.4316316858496953 0.03570476190476191 0.030142180094786718
0 0.6424190476190476 0.43321597833446174 0.03168571428571427 0.030142180094786718
0 0.6825809523809524 0.42782667569397426 0.029904761904761993 0.01681787406905885
0 0.33827619047619045 0.44241706161137445 0.031238095238095193 0.029505754908598462
0 0.3686285714285714 0.4419431279620853 0.02945714285714281 0.029187542315504335
0 0.39361904761904765 0.4438456330399458 0.030342857142857158 0.029187542315504335
0 0.41927619047619047 0.44463777928232906 0.03168571428571427 0.029505754908598462
0 0.4487333333333334 0.4448002708192282 0.0343619047619048 0.030453622207176723
0 0.47662857142857135 0.4457481381178064 0.03570476190476186 0.029187542315504335
0 0.5034000000000001 0.4533649289099526 0.02856190476190477 0.01776574136763711
0 0.5355333333333333 0.4492417061611374 0.03391428571428562 0.03236289776574134
0 0.5632095238095238 0.45082599864590384 0.03213333333333334 0.02982396750169259
0 0.5917714285714286 0.45067027758970885 0.030342857142857046 0.03140825998645911
0 0.6531333333333333 0.4535206499661476 0.03258095238095242 0.03077183480027085
0 0.6805809523809524 0.45479350033852406 0.03213333333333334 0.03140825998645911
0 0.33202857142857145 0.46716316858496953 0.03213333333333334 0.02125930941096824
0 0.3632761904761905 0.46827352742044687 0.03391428571428573 0.02410968178740684
0 0.3855809523809524 0.46954637779282327 0.02945714285714281 0.02094109681787411
0 0.41481904761904764 0.4706567366283006 0.036152380952380984 0.02188896411645222
0 0.44494285714285714 0.47240352064996616 0.03480952380952377 0.022843601895734603
0 0.47104761904761905 0.4752538930264049 0.03525714285714284 0.023480027081922858
0 0.49960952380952384 0.4758903182125931 0.03258095238095242 0.021570751523358092
0 0.5292857142857142 0.4752538930264049 0.03302857142857149 0.019038591740013468
0 0.5562857142857143 0.4752538930264049 0.029904761904761993 0.01649966147596472
0 0.5882000000000001 0.47779282329045364 0.031238095238095193 0.019038591740013468
0 0.6169809523809524 0.4801760324983074 0.03346666666666676 0.018720379146919493
0 0.6457714285714286 0.48080568720379147 0.03391428571428562 0.020622884224779984
0 0.6738857142857143 0.4814421123899797 0.02856190476190477 0.01998645903859173