0 0.11479285714285715 0.39358473824312334 0.11530714285714286 0.11788819875776399
0 0.22704285714285716 0.49626441881100264 0.14387857142857147 0.3916858917480036
0 0.2882642857142857 0.7985803016858918 0.19693571428571424 0.25605146406388646
0 0.40663571428571427 0.47914818101153506 0.23367142857142853 0.4842147293700089
0 0.47806428571428566 0.7497781721384206 0.16836428571428574 0.16858917480035493
0 0.6316357142857143 0.670550133096717 0.1550999999999999 0.18760425909494238
0 0.5357142857142857 0.39612244897959187 0.20816428571428575 0.34858917480035495
0 0.6081642857142857 0.32259982253771075 0.09183571428571424 0.05196983141082524
0 0.6362214285714286 0.3948535936113576 0.10918571428571437 0.09253771073646846
0 0.7724500000000001 0.40816326530612246 0.12857142857142856 0.0937976929902396
0 0.7806142857142856 0.5032298136645963 0.14285714285714285 0.09633540372670801
0 0.8010214285714287 0.3244986690328305 0.32449285714285714 0.25605146406388646