0 0.3838095238095238 0.6164793500338523 0.08694285714285711 0.06444820582261344
0 0.3618857142857143 0.5536154366960054 0.11146666666666663 0.0697291807718348
0 0.4551428571428571 0.5559986459038592 0.07951428571428572 0.05652674339878132
0 0.6082190476190477 0.5430534867975626 0.09288571428571427 0.06444820582261344
0 0.6457428571428571 0.46592417061611374 0.09065714285714291 0.08029790115098166
0 0.6899619047619048 0.4859986459038592 0.06019047619047623 0.08029790115098166
0 0.7865619047619048 0.4680433310765064 0.13152380952380943 0.0633920108327692
0 0.7776380952380952 0.5068652674339879 0.12112380952380958 0.01637779282329049
0 0.5985619047619047 0.6109343263371699 0.12409523809523805 0.10723764387271503
0 0.6502 0.6154231550440081 0.06836190476190473 0.033811780636425225
0 0.6918190476190476 0.5824102911306703 0.06390476190476181 0.0332836831415031
0 0.7159619047619048 0.5855788761002031 0.06167619047619047 0.026939742721733217
0 0.7282285714285714 0.5388287068381855 0.08322857142857153 0.06022342586323632
0 0.6728666666666666 0.555206499661476 0.07059047619047609 0.0718415707515233
0 0.7178190476190477 0.4138930264048748 0.1382190476190477 0.04701421800947871
0 0.769095238095238 0.4339675016926202 0.1263238095238094 0.015321597833446249
0 0.4636857142857143 0.5055450236966825 0.07579047619047617 0.04014895057549083