0 0.17267619047619048 0.5636560595802301 0.08137142857142857 0.0745565335138794
0 0.1631904761904762 0.48267433987813135 0.07141904761904763 0.07969532836831418
0 0.24183809523809524 0.4759309410968179 0.07503809523809524 0.08547731888964116
0 0.2526952380952381 0.5578740690589032 0.07684761904761901 0.07969532836831418
0 0.32818095238095235 0.5569126607989167 0.07594285714285715 0.08291130670277592
0 0.33405714285714283 0.47400135409614086 0.07503809523809521 0.08162491536899116
0 0.4041238095238095 0.4723899796885579 0.06690476190476191 0.0835545023696683
0 0.4027714285714286 0.5524102911306703 0.06780952380952385 0.07905213270142179
0 0.47102857142857135 0.5546580907244415 0.06328571428571428 0.07584292484766417
0 0.5374761904761906 0.5514488828706838 0.06599999999999996 0.07969532836831418
0 0.6088952380952382 0.5472714962762356 0.05876190476190481 0.0751997291807718
0 0.6830285714285714 0.5446987136086662 0.06419047619047628 0.07647935003385242
0 0.4737428571428571 0.474319566689235 0.06328571428571428 0.07969532836831418
0 0.5442571428571429 0.4720717670954638 0.06690476190476191 0.08547731888964116
0 0.6120666666666666 0.4682125930941097 0.07051428571428568 0.07647935003385242
0 0.6834857142857143 0.4672511848341232 0.06328571428571433 0.07455653351387957
0 0.6830285714285714 0.3907718348002708 0.060571428571428484 0.07198375084631005
0 0.6170380952380953 0.3917332430602573 0.06419047619047628 0.07647935003385242
0 0.5438000000000001 0.39591062965470547 0.06599999999999996 0.07969532836831418
0 0.47328571428571425 0.39494922139471905 0.076847619047619 0.08033852403520655
0 0.39372380952380953 0.39205145565335137 0.08046666666666667 0.07712254570074481
0 0.30964761904761906 0.3946242383209208 0.0768476190476191 0.08226811103588354
0 0.22738095238095238 0.3923764387271496 0.07865714285714288 0.08805010155721053
0 0.21788571428571432 0.30303994583615435 0.07775238095238096 0.08933649289099521
0 0.2897619047619048 0.30979011509817195 0.07141904761904763 0.07069735951252536
0 0.36705714285714286 0.30979011509817195 0.07956190476190472 0.07455653351387949
0 0.4411904761904762 0.3142857142857143 0.08679047619047618 0.08484089370345299
0 0.5157809523809525 0.306249153689912 0.07141904761904763 0.09447528774542995
0 0.5804190476190477 0.30721733243060256 0.07413333333333326 0.08997968855788763
0 0.6468666666666667 0.30914691943127964 0.06780952380952385 0.09255247122545704
0 0.30874285714285715 0.2519431279620853 0.10578095238095243 0.044989844278943834
0 0.4204 0.2516249153689912 0.11029523809523815 0.044346648612051454