0 0.40572380952380954 0.47138117806364255 0.19320000000000007 0.028571428571428602
0 0.41036190476190476 0.5040690589031821 0.20093333333333335 0.036811103588354696
0 0.4126857142857142 0.5334597156398104 0.21329523809523807 0.032965470548408975
0 0.41847619047619045 0.5598307379823968 0.21716190476190475 0.035159106296547095
0 0.6885714285714286 0.5515910629654706 0.24729523809523818 0.026371022342586356
0 0.6796857142857142 0.5243940419769804 0.2480761904761905 0.03131347325660122
0 0.6827809523809524 0.4963777928232904 0.24961904761904774 0.029119837508463094
0 0.6827809523809524 0.4678063642518619 0.24034285714285705 0.028016249153689984
0 0.6827809523809524 0.4408869329722411 0.24188571428571431 0.028016249153689984
0 0.6812380952380952 0.4117670954637779 0.24343809523809537 0.026919431279620848
0 0.6800761904761905 0.383750846310088 0.23802857142857148 0.030216655382532234
0 0.6862571428571429 0.2922748815165877 0.2735714285714286 0.0714218009478673
0 0.6766 0.3334800270819228 0.2557999999999999 0.019776574136763734
0 0.6812380952380952 0.3510629654705484 0.2449809523809524 0.028571428571428602
0 0.3060380952380952 0.8809478672985782 0.02473333333333336 0.06537576167907917
0 0.33076190476190476 0.8812254570074475 0.02473333333333336 0.05933649289099517
0 0.30951428571428574 0.8120040622884225 0.020866666666666638 0.06263371699390671
0 0.33385714285714285 0.813649289099526 0.026276190476190505 0.05933649289099517
0 0.31569523809523814 0.750467163168585 0.020866666666666638 0.05823290453622222
0 0.3384952380952381 0.7521191604603927 0.03091428571428575 0.06153012863913345
0 0.3164666666666667 0.6922342586323629 0.023961904761904733 0.05823290453622207
0 0.34235238095238096 0.6916858496953284 0.0293714285714286 0.06263371699390656
0 0.3647714285714286 0.6944346648612052 0.021638095238095265 0.057136086662153
0 0.387952380952381 0.6974542992552472 0.021638095238095265 0.05878808395396068
0 0.3639904761904762 0.758436018957346 0.027819047619047653 0.06207853757616794
0 0.38447619047619047 0.7611848341232227 0.017771428571428542 0.06757616790792143
0 0.3551047619047619 0.8380974949221394 0.020866666666666638 0.06537576167907917
0 0.37906666666666666 0.8413947190250508 0.03168571428571427 0.0697698036560597
0 0.4034095238095238 0.8570548408937034 0.026276190476190505 0.07251861882193644
0 0.42698095238095235 0.8584224779959377 0.03632380952380951 0.0697698036560597
0 0.44707619047619046 0.8760054163845632 0.03168571428571427 0.07197020988490195
0 0.4718 0.8768314150304671 0.03168571428571427 0.06812457684495592
0 0.49884761904761904 0.8872714962762356 0.022409523809523782 0.06482735274204468
0 0.4795333333333333 0.8317806364251862 0.06723809523809521 0.01867975626269475
0 0.47914285714285715 0.8128232904536222 0.06645714285714283 0.018131347325660258
0 0.4810761904761905 0.7957955314827353 0.06260000000000002 0.01593094109681801
0 0.48146666666666676 0.7782125930941097 0.06645714285714288 0.02142857142857149
0 0.4806857142857143 0.7620040622884225 0.057190476190476146 0.0164793500338525
0 0.4799142857142858 0.7468991198375086 0.06337142857142859 0.019228165199729242
0 0.41577142857142857 0.7045971563981043 0.027819047619047653 0.06427894380501019
0 0.44243809523809524 0.7062423832092077 0.023961904761904733 0.05878808395396068
0 0.47566666666666674 0.7065199729180771 0.031685714285714324 0.059336492890995254
0 0.5000095238095238 0.7026743398781313 0.026276190476190453 0.057136086662153
0 0.6020190476190477 0.6408666215301286 0.016999999999999914 0.04450236966824646
0 0.6244285714285714 0.6425118483412322 0.03091428571428575 0.04669600541638458
0 0.5908190476190476 0.6936086662153013 0.02396190476190484 0.06207853757616794
0 0.5815428571428571 0.7578876100203115 0.034780952380952364 0.06647935003385244
0 0.6082 0.7603588354773189 0.03091428571428575 0.0637305348679757
0 0.6143809523809524 0.6960798916723087 0.034000000000000044 0.06153012863913345
0 0.6414380952380953 0.6974542992552472 0.027819047619047653 0.05878808395396068
0 0.6657809523809525 0.7021259309410968 0.028590476190476173 0.06043331076506439
0 0.6924380952380952 0.7040487474610698 0.027819047619047653 0.057684495599187494
0 0.7171714285714286 0.7065199729180771 0.026276190476190397 0.06153012863913345
0 0.7411238095238095 0.7095396073121192 0.023180952380952302 0.06647935003385244
0 0.7619904761904762 0.7284969532836831 0.021638095238095265 0.03406228842247796
0 0.794447619047619 0.7306905890318213 0.01854285714285717 0.02966824644549774
0 0.8172476190476191 0.7359106296547056 0.02396190476190484 0.03131347325660122
0 0.6360285714285715 0.761455653351388 0.029371428571428493 0.06702775897088693
0 0.6588190476190476 0.7647528774542992 0.03168571428571427 0.06702775897088693
0 0.6812380952380952 0.7697020988490182 0.02396190476190484 0.07142180094786715
0 0.7082857142857143 0.7727217332430603 0.02396190476190484 0.06867298578199041
0 0.7353333333333334 0.7735477318889641 0.02396190476190484 0.06702775897088693
0 0.7596761904761904 0.7751929587000678 0.02473333333333336 0.06702775897088693
0 0.7867238095238095 0.7776641841570751 0.02473333333333336 0.06537576167907917
0 0.808752380952381 0.7798645903859174 0.022409523809523782 0.0697698036560597
0 0.5749714285714286 0.8224373730534869 0.023180952380952302 0.07032498307379817
0 0.5981523809523809 0.8251861882193635 0.021638095238095265 0.0692213947190249
0 0.6279142857142856 0.8290318212593094 0.02396190476190484 0.07251861882193644
0 0.6507047619047619 0.829580230196344 0.029371428571428493 0.0692213947190249
0 0.5703333333333334 0.8897427217332431 0.02473333333333336 0.06427894380501019
0 0.5927428571428571 0.8935883547731889 0.02009523809523801 0.06757616790792143
0 0.6174761904761905 0.8985308056872039 0.02473333333333336 0.07087339201083266
0 0.6398857142857143 0.9001828029790114 0.02473333333333336 0.0697698036560597
0 0.6696380952380953 0.9032024373730535 0.027047619047619133 0.06812457684495592
0 0.6939809523809524 0.905673662830061 0.026276190476190397 0.07306702775897093
0 0.7218095238095238 0.908693297224103 0.02473333333333336 0.07251861882193644
0 0.7488571428571428 0.9119905213270142 0.021638095238095265 0.06482735274204468
0 0.7735809523809524 0.913642518618822 0.029371428571428493 0.06812457684495592
0 0.7994761904761906 0.9125389302640488 0.02396190476190484 0.06482735274204468
0 0.8099047619047619 0.8468855788761002 0.02009523809523801 0.06537576167907917
0 0.783247619047619 0.8441435341909276 0.02396190476190484 0.07087339201083266
0 0.7538761904761905 0.8402979011509817 0.020866666666666745 0.0631821259309412
0 0.7283714285714286 0.8402979011509817 0.02396190476190484 0.0697698036560597
0 0.7020952380952381 0.8348002708192281 0.01932380952380949 0.06427894380501019
0 0.6800761904761905 0.8356262694651321 0.02009523809523801 0.06592417061611366
0 0.7840190476190476 0.6716316858496953 0.033228571428571524 0.08075829383886261
0 0.819952380952381 0.677129316181449 0.040190476190476235 0.08735274204468524
0 0.8547333333333333 0.6820717670954638 0.044819047619047564 0.07966147596479356
0 0.8868 0.6842654028436018 0.039409523809523915 0.08405551794177385
0 0.7218095238095238 0.6496547054840893 0.026276190476190397 0.04669600541638458
0 0.697847619047619 0.6480094786729858 0.02009523809523801 0.04230196343940421
0 0.6769809523809525 0.6471834800270819 0.023180952380952302 0.04944482058226132
0 0.6472285714285715 0.6419634394041976 0.020866666666666745 0.043398781313473196
0 0.43973333333333336 0.31123222748815166 0.1375619047619048 0.09285037237643871
0 0.09235238095238095 0.43182125930941095 0.1275142857142857 0.10328368314150302