0 0.5376190476190477 0.919431279620853 0.16 0.05687203791469194
0 0.34014285714285714 0.5922207176709546 0.060342857142857156 0.05644549763033168
0 0.3896952380952381 0.593127962085308 0.050180952380952326 0.052830060934326316
0 0.43892380952380955 0.5933513879485444 0.049542857142857125 0.05147596479350032
0 0.48846666666666666 0.5960595802301963 0.049542857142857125 0.05418415707515232
0 0.5326095238095239 0.548645903859174 0.0781333333333333 0.03161137440758297
0 0.5383238095238095 0.595159106296547 0.051447619047619034 0.055091401489505684
0 0.5875523809523809 0.5953825321597833 0.04699999999999992 0.05734597156398107
0 0.6342380952380953 0.5962830060934327 0.05399047619047624 0.054637779282329074
0 0.4656 0.48136086662153016 0.04446666666666672 0.057799593771157676
0 0.41732380952380954 0.4788828706838185 0.05208571428571423 0.052830060934326316
0 0.37794285714285714 0.47932972241029115 0.026676190476190468 0.05373730534867968
0 0.34014285714285714 0.47910629654705483 0.05018095238095243 0.056899119837508436
0 0.3538 0.44388625592417064 0.0774952380952381 0.016255924170616106
0 0.3496761904761905 0.4276303317535545 0.0806666666666667 0.015355450236966868
0 0.6129619047619048 0.48068381855111714 0.04699999999999992 0.05102911306702768
0 0.6631428571428571 0.4815910629654705 0.053352380952380936 0.054637779282329074
0 0.7130095238095238 0.4822681110358835 0.05272380952380943 0.055091401489505684
0 0.6821999999999999 0.4452403520649966 0.07495238095238099 0.017156398104265346
0 0.4938666666666666 0.4804603926878808 0.02350476190476191 0.05418415707515232
0 0.513552380952381 0.47955991875423154 0.015876190476190547 0.05328368314150308