0 0.21142857142857144 0.24509140148950576 0.09523809523809523 0.1029113067027759
0 0.3 0.24644549763033174 0.08571428571428572 0.0974949221394719
0 0.5009523809523809 0.25389302640487477 0.0761904761904762 0.11238997968855789
0 0.6019047619047619 0.24373730534867977 0.09523809523809523 0.10561949898442789
0 0.7019047619047619 0.23832092078537576 0.10095238095238095 0.1083276912660799
0 0.8066666666666666 0.23967501692620177 0.11619047619047619 0.1029113067027759
0 0.23523809523809525 0.35883547731888965 0.12380952380952381 0.11103588354773189
0 0.4038095238095238 0.36492890995260663 0.0838095238095238 0.11238997968855789
0 0.5057142857142857 0.36357481381178064 0.08571428571428572 0.11509817197020988
0 0.6057142857142858 0.36696005416384564 0.09523809523809523 0.11103588354773189
0 0.699047619047619 0.37034529451591064 0.09142857142857143 0.11509817197020988
0 0.7952380952380952 0.36831415030467163 0.12 0.11645226811103589
0 0.23523809523809525 0.47731888964116453 0.07809523809523809 0.0907244414353419
0 0.32666666666666666 0.4732566012186865 0.08952380952380952 0.1015572105619499
0 0.4076190476190476 0.4719025050778605 0.08761904761904762 0.0961408259986459
0 0.5057142857142857 0.47257955314827355 0.10476190476190476 0.1029113067027759
0 0.6019047619047619 0.4813811780636425 0.09904761904761905 0.0907244414353419
0 0.6914285714285714 0.48408937034529453 0.11428571428571428 0.09343263371699391
0 0.7780952380952381 0.49085985104942453 0.10476190476190476 0.0988490182802979
0 0.24476190476190476 0.5653351387948544 0.08571428571428572 0.07989167230873392
0 0.3304761904761905 0.5693974272173324 0.07809523809523809 0.07989167230873392
0 0.4038095238095238 0.5660121868652674 0.08761904761904762 0.07041299932295193
0 0.4876190476190476 0.5768449559918755 0.0761904761904762 0.08666215301286391
0 0.5676190476190476 0.5822613405551794 0.08761904761904762 0.08666215301286391
0 0.659047619047619 0.5836154366960055 0.08761904761904762 0.09207853757616791
0 0.7495238095238095 0.5890318212593094 0.09333333333333334 0.0974949221394719
0 0.68 0.6946513202437373 0.09523809523809523 0.0974949221394719
0 0.7704761904761904 0.6919431279620853 0.08571428571428572 0.1029113067027759