0 0.7982142857142858 0.33717834960070986 0.02857142857142857 0.04702750665483585
0 0.1733714285714286 0.6266725820763088 0.019392857142857146 0.029165927240461305
0 0.19055714285714284 0.6241348713398402 0.018378571428571442 0.03170363797692992
0 0.20382857142857144 0.6203283052351376 0.015649999999999976 0.028322981366459693
0 0.2188 0.6188464951197871 0.018378571428571442 0.030434782608695612
0 0.23292142857142856 0.6152528837622006 0.019392857142857125 0.024090505767524483
0 0.24619285714285716 0.6118722271517303 0.018035714285714287 0.02578527062999108
0 0.2613357142857143 0.6097604259094943 0.018378571428571442 0.024090505767524483
0 0.27290714285714285 0.6055368234250222 0.023821428571428587 0.027480035492457876
0 0.18528571428571428 0.6647116237799467 0.02212142857142859 0.03000887311446312
0 0.19787142857142856 0.661756876663709 0.023478571428571432 0.03000887311446312
0 0.21455 0.6583762200532387 0.02279999999999997 0.028322981366459693
0 0.22900714285714285 0.6551996450754215 0.023135714285714277 0.029591836734693795
0 0.2431357142857143 0.6518189884649512 0.02143571428571428 0.029591836734693795
0 0.25861428571428574 0.6484383318544809 0.019735714285714284 0.029591836734693795
0 0.2713785714285714 0.6446317657497782 0.02143571428571428 0.028740017746229016
0 0.2856642857142857 0.6429458740017746 0.02212142857142859 0.028740017746229016
0 0.19481428571428572 0.705927240461402 0.02212142857142859 0.030434782608695612
0 0.2087642857142857 0.7021206743566991 0.025521428571428584 0.027054125998225386
0 0.2240785714285714 0.6978970718722272 0.025521428571428584 0.027054125998225386
0 0.23887857142857144 0.6940905057675244 0.024499999999999966 0.027054125998225386
0 0.25402142857142856 0.6892280390417036 0.02212142857142859 0.03000887311446312
0 0.26780000000000004 0.6864862466725821 0.022457142857142898 0.027054125998225386
0 0.28124285714285713 0.6831055900621118 0.02279999999999997 0.027054125998225386
0 0.20297857142857145 0.7420674356699201 0.025521428571428584 0.030860692102928102
0 0.21948571428571426 0.7361490683229813 0.024499999999999966 0.03339840283939672