0 0.46173571428571425 0.09950310559006212 0.05 0.08239574090505766
0 0.5168357142857143 0.09823425022182786 0.03775714285714279 0.084924578527063
0 0.5540785714285714 0.09760425909494233 0.034692857142857095 0.07605146406388641
0 0.5949 0.09189884649511978 0.034692857142857095 0.07732031943212066
0 0.3811214285714286 0.2833096716947649 0.03163571428571426 0.0722537710736468
0 0.41836428571428574 0.27506654835847383 0.038778571428571405 0.08112688553682348
0 0.45357142857142857 0.2737976929902396 0.03163571428571426 0.07352262644188111
0 0.4887785714285714 0.2693611357586513 0.03673571428571433 0.084924578527063
0 0.5275500000000001 0.2725288376220053 0.03673571428571433 0.06844720496894409
0 0.5668357142857143 0.2687311446317658 0.03979285714285717 0.06844720496894409
0 0.6030642857142857 0.26302573203194324 0.032650000000000026 0.07225377107364683
0 0.6433642857142857 0.26429458740017747 0.03979285714285717 0.0697160603371783
0 0.6785714285714286 0.26429458740017747 0.038778571428571405 0.0722537710736469
0 0.38163571428571424 0.36125998225377104 0.038778571428571405 0.08619343389529724
0 0.4168357142857143 0.34921916592724045 0.04183571428571424 0.07985803016858918
0 0.4551 0.351756876663709 0.034692857142857095 0.09253771073646846
0 0.4928571428571429 0.35365572315882876 0.03673571428571433 0.08619343389529724
0 0.5306142857142857 0.3498580301685892 0.03673571428571433 0.0836645962732919
0 0.5709214285714286 0.35238686779059447 0.033671428571428644 0.0836645962732919
0 0.6056142857142858 0.34542147293700093 0.03979285714285717 0.08746228926353154
0 0.65 0.35048802129547474 0.04285714285714286 0.07985803016858918
0 0.6897928571428572 0.3460514640638864 0.04693571428571431 0.0836645962732919
0 0.3841857142857143 0.43795031055900613 0.047957142857142886 0.08492457852706298
0 0.4244928571428571 0.43351375332741793 0.03673571428571433 0.07858917480035497
0 0.4622428571428571 0.43161490683229814 0.044899999999999926 0.08239574090505769
0 0.49642857142857144 0.43161490683229814 0.03571428571428571 0.08239574090505769
0 0.5336714285714286 0.4303460514640639 0.044899999999999926 0.0697160603371783
0 0.57245 0.4284472049689441 0.05306428571428569 0.07605146406388645
0 0.6147928571428571 0.4278083407275954 0.03979285714285717 0.07732031943212071
0 0.65 0.4252795031055901 0.05102142857142862 0.07732031943212066
0 0.6938785714285713 0.4259094942324756 0.048978571428571385 0.07605146406388645
0 0.3862214285714286 0.5190771960958296 0.04183571428571428 0.09000000000000005
0 0.4265285714285714 0.5165394853593611 0.038778571428571405 0.08492457852706303
0 0.46326428571428574 0.5127417923691215 0.04081428571428579 0.09253771073646846
0 0.5 0.5133717834960071 0.03673571428571433 0.0836645962732919
0 0.5438785714285714 0.5076663708961845 0.038778571428571405 0.08746228926353145
0 0.5806142857142857 0.5063975155279503 0.04285714285714286 0.0697160603371783
0 0.6153071428571428 0.503868677905945 0.04693571428571431 0.07479148181011532
0 0.6591857142857143 0.498793256433008 0.03673571428571433 0.0697160603371783
0 0.70255 0.4968944099378882 0.043878571428571475 0.07605146406388645