0 0.6362214285714286 0.5108340727595386 0.15816428571428576 0.1647826086956522
0 0.7219357142857143 0.6040017746228926 0.027550000000000036 0.13309671694764863
0 0.6928571428571428 0.6021029281277729 0.0265285714285715 0.12676131322094047
0 0.6387785714285714 0.6382342502218278 0.08367142857142865 0.057045252883762165
0 0.6403071428571429 0.5906921029281278 0.08265000000000003 0.04055900621118016
0 0.5535714285714286 0.6306211180124224 0.1112214285714286 0.05450754214729376
0 0.5510214285714286 0.5868944099378881 0.09387857142857148 0.03803016858917471
0 0.5443857142857143 0.5501330967169477 0.0765285714285715 0.0354924578527063
0 0.54235 0.5159094942324756 0.06632857142857136 0.02788819875776403
0 0.5459214285714286 0.47724933451641527 0.08163571428571426 0.046903283052351336
0 0.54745 0.441756876663709 0.07040714285714281 0.026619343389529725
0 0.5489785714285714 0.417036379769299 0.07959285714285719 0.022812777284827005
0 0.5545928571428571 0.39358473824312334 0.07040714285714281 0.03168589174800358
0 0.6413285714285715 0.441756876663709 0.0887785714285714 0.029157054125998186
0 0.6270428571428571 0.4157675244010648 0.07857142857142857 0.020283939662821663
0 0.6336714285714286 0.3866104702750665 0.06938571428571436 0.03803016858917481
0 0.6836714285714286 0.4094321206743567 0.022450000000000046 0.08112688553682339