0 0.44332142857142853 0.5803726708074535 0.00518571428571428 0.009307897071872235
0 0.4385428571428572 0.5800798580301686 0.005021428571428552 0.008917480035492418
0 0.4332357142857143 0.5797781721384205 0.0047857142857143185 0.009307897071872235
0 0.42817857142857146 0.5803283052351375 0.004707142857142799 0.009999999999999985
0 0.4218357142857143 0.5800266193433896 0.006857142857142793 0.009405501330967089
0 0.4333571428571429 0.5707187222715173 0.007257142857142916 0.009999999999999985
0 0.43383571428571427 0.561259982253771 0.0064571428571428315 0.010692102928127733
0 0.43933571428571433 0.5619520851818989 0.005500000000000033 0.011286601597160627
0 0.4444785714285714 0.5628482697426798 0.005578571428571389 0.01089618456078081
0 0.4455928571428572 0.5514551907719609 0.005742857142857117 0.011490683229813704
0 0.43993571428571426 0.5521472937000887 0.006700000000000078 0.011685891748003614
0 0.4337142857142858 0.550807453416149 0.005899999999999994 0.009405501330967089
0 0.42570714285714284 0.5506122448979591 0.0074142857142857925 0.010993788819875866