0 0.6591857142857143 0.27633540372670806 0.0653071428571429 0.15971606033717836
0 0.6132642857142857 0.2687311446317658 0.05102142857142862 0.10141082519964507
0 0.55765 0.2807719609582964 0.03775714285714279 0.03168589174800358
0 0.18418571428571429 0.8068234250221827 0.07245000000000003 0.12295474711623774
0 0.2301 0.8296362023070097 0.07857142857142857 0.13055900621118002
0 0.2688785714285714 0.850550133096717 0.08469285714285718 0.12676131322094047
0 0.30969285714285716 0.8733717834960071 0.07652857142857142 0.11154392191659275
0 0.35255 0.8923779946761313 0.08469285714285718 0.09887311446317654
0 0.23724285714285714 0.7123868677905945 0.07449285714285711 0.10393966282165049
0 0.27449285714285715 0.7320319432120674 0.07142857142857142 0.10267080745341618
0 0.3142857142857143 0.7504081632653061 0.07347142857142858 0.09633540372670801
0 0.35509999999999997 0.7763975155279503 0.07142857142857142 0.1052085181898846
0 0.38826428571428573 0.8074534161490683 0.07652857142857146 0.10901508429458731
0 0.2857142857142857 0.6287222715173026 0.06938571428571427 0.08112688553682348
0 0.3168357142857143 0.6496362023070098 0.07040714285714289 0.09253771073646846
0 0.3556142857142857 0.6692901508429459 0.07040714285714281 0.08873114463176575
0 0.39693571428571434 0.6952706299911269 0.06326428571428568 0.09506654835847392
0 0.4295928571428571 0.7193522626441882 0.06326428571428568 0.10267080745341618
0 0.33112142857142857 0.5602750665483585 0.060207142857142834 0.08873114463176575
0 0.3653071428571429 0.5818189884649513 0.06938571428571427 0.0937976929902396
0 0.39693571428571434 0.5951286601597161 0.06326428571428568 0.10014196983141074
0 0.43214285714285716 0.6255545696539485 0.06428571428571428 0.09760425909494233
0 0.46735 0.6451996450754215 0.06326428571428568 0.10901508429458731
0 0.5010214285714285 0.5716858917480035 0.07142857142857142 0.0937976929902396
0 0.4693857142857143 0.5501330967169477 0.05918571428571422 0.09633540372670801
0 0.43724285714285716 0.534924578527063 0.07857142857142857 0.09633540372670801
0 0.4 0.5140106477373558 0.05918571428571422 0.07479148181011532