0 0.4115714285714286 0.3524223602484472 0.09543571428571433 0.052795031055900624
0 0.41679285714285713 0.26767524401064774 0.085 0.10559006211180125
0 0.5051428571428572 0.23572315882874892 0.09170714285714276 0.0713220940550133
0 0.5088714285714285 0.30148181011535047 0.09767142857142858 0.06205856255545701
0 0.5129714285714285 0.3579858030168589 0.09245714285714289 0.058349600709849146
0 0.5681499999999999 0.32324755989352266 0.04175714285714288 0.14263531499556345
0 0.6244428571428572 0.23062999112688556 0.12302142857142859 0.08891748003549246
0 0.6292857142857143 0.3042590949423247 0.08797857142857148 0.05649511978704522
0 0.6546357142857143 0.35751552795031055 0.11482142857142857 0.05928127772848275
0 0.7183857142857143 0.30611357586512866 0.08574285714285712 0.058349600709849146
0 0.7579071428571428 0.22692102928127775 0.14986428571428567 0.08891748003549246
0 0.7575285714285714 0.3417746228926353 0.09245714285714289 0.08706299911268855