0 0.1341047619047619 0.48887610020311445 0.05020952380952382 0.06293161814488832
0 0.18398095238095238 0.4877048070413 0.044257142857142884 0.060582261340555194
0 0.2256 0.4858226134055518 0.049542857142857125 0.058700067704807075
0 0.2695238095238095 0.5010900473933649 0.050209523809523836 0.06574813811780629
0 0.3203904761904762 0.4987406905890318 0.04756190476190471 0.06199052132701418
0 0.3732380952380952 0.4853554502369668 0.050209523809523836 0.056824644549763076
0 0.3920666666666667 0.5574407582938389 0.049542857142857125 0.05447528774542995
0 0.3421904761904762 0.5567366283006093 0.046238095238095196 0.058700067704807075
0 0.29496190476190476 0.5588490182802979 0.04690476190476191 0.05259986459038595
0 0.19586666666666666 0.5581448882870684 0.052190476190476204 0.061523358158429325
0 0.13575238095238096 0.5562694651320244 0.052190476190476204 0.054008124576844944
0 0.14665714285714287 0.6213134732566011 0.04623809523809525 0.05447528774542995
0 0.19256190476190477 0.6243669600541639 0.04822857142857141 0.05025050778605283
0 0.24243809523809523 0.6229519295870007 0.04359999999999997 0.05025050778605283
0 0.29 0.6208395396073121 0.046238095238095196 0.05541638456330393
0 0.34153333333333336 0.6220176032498308 0.048885714285714324 0.05588354773188894
0 0.5668 0.3907244414353419 0.02906666666666665 0.0610494245091402
0 0.6097333333333333 0.38861205145565336 0.05549523809523808 0.06339878131347332
0 0.6639047619047619 0.3872037914691943 0.05549523809523808 0.06528097494922144
0 0.7160952380952381 0.38555856465809074 0.06209523809523814 0.06480704129993231
0 0.7748857142857143 0.3857955314827353 0.05945714285714292 0.06715639810426544
0 0.8330190476190475 0.3832092078537576 0.05680952380952389 0.06480704129993231
0 0.8802571428571428 0.3803926878808396 0.044257142857142884 0.06480704129993231
0 0.5710952380952381 0.45248476641841573 0.02576190476190472 0.061523358158429325
0 0.6113904761904763 0.4517806364251862 0.05086666666666675 0.06199052132701418
0 0.6625809523809524 0.45036560595802305 0.0581333333333333 0.06293161814488832
0 0.7200571428571428 0.4520108327691266 0.0581333333333333 0.061523358158429325
0 0.7745523809523809 0.4520108327691266 0.054828571428571365 0.06528097494922144
0 0.8346761904761905 0.44872714962762356 0.06540000000000007 0.06339878131347332
0 0.8802571428571428 0.45130670277589713 0.045580952380952285 0.06950575490859856
0 0.8802571428571428 0.5226878808395397 0.04161904761904766 0.0610494245091402