0 0.5935857142857143 0.6333540372670807 0.0075 0.012102928127772937
0 0.6013428571428572 0.6336291038154392 0.005607142857142792 0.011357586512865975
0 0.5989285714285715 0.6219520851818989 0.0075 0.011996450754214714
0 0.6076428571428572 0.6333007985803017 0.006121428571428526 0.012209405501330959
0 0.6062214285714286 0.6217923691215617 0.006557142857142903 0.011251109139307953
0 0.6248 0.6101685891748003 0.005949999999999948 0.013708961845607848
0 0.6271285714285715 0.6225377107364686 0.005949999999999948 0.011251109139307953
0 0.6215642857142858 0.6347471162377994 0.006378571428571474 0.010390417036379801
0 0.6279928571428571 0.6338420585625555 0.005085714285714207 0.010283939662821578
0 0.5961714285714286 0.6452972493345164 0.005607142857142792 0.011783496007098467
0 0.6028571428571429 0.6449778172138421 0.006557142857142903 0.011996450754214714
0 0.6095357142857143 0.6443921916592724 0.0068142857142856885 0.013602484472049625
0 0.6163071428571428 0.6450310559006212 0.0070714285714286364 0.01338952972493338
0 0.6233357142857142 0.6458385093167702 0.005949999999999948 0.012857142857142866
0 0.6298 0.6454658385093168 0.00577857142857137 0.012315882874889182